image: 7_2_25_test.pgm
resolution: 0.050000
origin: [-3.405533, -5.671314, 0.000000]
negate: 0
occupied_thresh: 0.65
free_thresh: 0.196

