image: 7_9_25_test.pgm
resolution: 0.050000
origin: [-1.064632, -4.492498, 0.000000]
negate: 0
occupied_thresh: 0.65
free_thresh: 0.196

