image: JCC_4th_Floor_Update_keepout.pgm
resolution: 0.050000
origin: [-1.138374, -6.023130, 0.000000]
negate: 0
occupied_thresh: 0.65
free_thresh: 0.196

