image: JCC_4th_floor.pgm
resolution: 0.050000
origin: [-28.398167, -8.241649, 0.000000]
negate: 0
occupied_thresh: 0.65
free_thresh: 0.196

